Original matrix : 
54.88 71.52 60.28 54.49 42.37
64.59 43.76 89.18 96.37 38.34
79.17 52.89 56.80 92.56 7.10
8.71 2.02 83.26 77.82 87.00
97.86 79.92 46.15 78.05 11.83

Det : 96582255.0589

Transpose matrix : 
54.88 64.59 79.17 8.71 97.86
71.52 43.76 52.89 2.02 79.92
60.28 89.18 56.80 83.26 46.15
54.49 96.37 92.56 77.82 78.05
42.37 38.34 7.10 87.00 11.83

Eigen values and eigen vectors :
289.7767+0.0000j,  (0.44+0.00j)  (0.50+0.00j)  (0.43+0.00j)  (0.39+0.00j)  (0.48+0.00j) 
-65.3728+0.0000j,  (-0.20+0.00j)  (0.03+0.00j)  (0.56+0.00j)  (-0.62+0.00j)  (0.51+0.00j) 
14.6073+19.6030j,  (0.57+0.00j)  (-0.14+0.24j)  (-0.17+0.25j)  (-0.42+-0.28j)  (0.48+-0.14j) 
14.6073-19.6030j,  (0.57+-0.00j)  (-0.14+-0.24j)  (-0.17+-0.25j)  (-0.42+0.28j)  (0.48+0.14j) 
-8.5308+0.0000j,  (0.64+0.00j)  (-0.54+0.00j)  (0.29+0.00j)  (-0.45+0.00j)  (0.12+0.00j) 